Year,Nursery_and_Primary_%,Secondary_%,Higher_Education_%,TVET_%
2010,54.6,24.9,12.2,8.2
2011,54.2,25.0,12.5,8.4
2012,53.8,25.1,12.7,8.4
2013,53.4,25.1,12.9,8.6
2014,53.0,25.2,13.2,8.6
2015,52.6,25.3,13.4,8.8
2016,52.1,25.4,13.7,8.8
2017,51.7,25.5,13.9,9.0
2018,51.3,25.5,14.1,9.1
2019,50.9,25.6,14.4,9.2
2020,50.5,25.7,14.6,9.3
2021,50.0,25.8,14.8,9.4
2022,49.6,25.9,15.1,9.5
2023,49.2,26.0,15.3,9.6
2024,48.8,26.0,15.5,9.7
